-100.00000000
-99.00000000
-98.00000000
-97.00000000
-96.00000000
-95.00000000
-94.00000000
-93.00000000
-92.00000000
-91.00000000
-90.00000000
-89.00000000
-88.00000000
-87.00000000
-86.00000000
-85.00000000
-84.00000000
-83.00000000
-82.00000000
-81.00000000
-80.00000000
-79.00000000
-78.00000000
-77.00000000
-76.00000000
-75.00000000
-74.00000000
-73.00000000
-72.00000000
-71.00000000
-70.00000000
-69.00000000
-68.00000000
-67.00000000
-66.00000000
-65.00000000
-64.00000000
-63.00000000
-62.00000000
-61.00000000
-60.00000000
-59.00000000
-58.00000000
-57.00000000
-56.00000000
-55.00000000
-54.00000000
-53.00000000
-52.00000000
-51.00000000
-50.00000000
-49.00000000
-48.00000000
-47.00000000
-46.00000000
-45.00000000
-44.00000000
-43.00000000
-42.00000000
-41.00000000
-40.00000000
-39.00000000
-38.00000000
-37.00000000
-36.00000000
-35.00000000
-34.00000000
-33.00000000
-32.00000000
-31.00000000
-30.00000000
-29.00000000
-28.00000000
-27.00000000
-26.00000000
-25.00000000
-24.00000000
-23.00000000
-22.00000000
-21.00000000
-20.00000000
-19.00000000
-18.00000000
-17.00000000
-16.00000000
-15.00000000
-14.00000000
-13.00000000
-12.00000000
-11.00000000
-10.00000000
-9.00000000
-8.00000000
-7.00000000
-6.00000000
-5.00000000
-4.00000000
-3.00000000
-2.00000000
-1.00000000
0.00000000
1.00000000
2.00000000
3.00000000
4.00000000
5.00000000
6.00000000
7.00000000
8.00000000
9.00000000
10.00000000
11.00000000
12.00000000
13.00000000
14.00000000
15.00000000
16.00000000
17.00000000
18.00000000
19.00000000
20.00000000
21.00000000
22.00000000
23.00000000
24.00000000
25.00000000
26.00000000
27.00000000
28.00000000
29.00000000
30.00000000
31.00000000
32.00000000
33.00000000
34.00000000
35.00000000
36.00000000
37.00000000
38.00000000
39.00000000
40.00000000
41.00000000
42.00000000
43.00000000
44.00000000
45.00000000
46.00000000
47.00000000
48.00000000
49.00000000
50.00000000
51.00000000
52.00000000
53.00000000
54.00000000
55.00000000
56.00000000
57.00000000
58.00000000
59.00000000
60.00000000
61.00000000
62.00000000
63.00000000
64.00000000
65.00000000
66.00000000
67.00000000
68.00000000
69.00000000
70.00000000
71.00000000
72.00000000
73.00000000
74.00000000
75.00000000
76.00000000
77.00000000
78.00000000
79.00000000
80.00000000
81.00000000
82.00000000
83.00000000
84.00000000
85.00000000
86.00000000
87.00000000
88.00000000
89.00000000
90.00000000
91.00000000
92.00000000
93.00000000
94.00000000
95.00000000
96.00000000
97.00000000
98.00000000
99.00000000

-1157.93000000 -1328.22000000 -1861.39000000 -2205.25000000
-1127.06000000 -1294.86000000 -1825.95000000 -2169.83000000
-1094.21000000 -1258.42000000 -1791.89000000 -2132.86000000
-1059.21000000 -1228.63000000 -1757.45000000 -2096.74000000
-1024.73000000 -1200.98000000 -1717.28000000 -2055.88000000
-988.08000000 -1169.88000000 -1685.93000000 -2027.89000000
-959.37000000 -1138.92000000 -1652.21000000 -1995.81000000
-930.58000000 -1108.38000000 -1619.91000000 -1969.14000000
-904.74000000 -1080.31000000 -1594.38000000 -1940.98000000
-870.96000000 -1048.10000000 -1562.83000000 -1909.79000000
-842.65000000 -1020.71000000 -1535.75000000 -1879.01000000
-814.96000000 -996.07000000 -1506.82000000 -1850.83000000
-785.37000000 -965.37000000 -1476.00000000 -1821.67000000
-760.25000000 -938.47000000 -1451.03000000 -1795.79000000
-734.21000000 -911.89000000 -1426.37000000 -1771.28000000
-710.62000000 -887.00000000 -1399.33000000 -1744.81000000
-687.95000000 -862.75000000 -1371.58000000 -1715.14000000
-663.64000000 -837.74000000 -1340.36000000 -1681.27000000
-643.10000000 -816.42000000 -1318.57000000 -1660.11000000
-619.40000000 -792.55000000 -1299.49000000 -1640.50000000
-594.94000000 -768.26000000 -1275.10000000 -1615.41000000
-574.58000000 -747.11000000 -1250.28000000 -1588.72000000
-555.40000000 -727.39000000 -1229.89000000 -1567.95000000
-536.84000000 -708.15000000 -1208.01000000 -1545.15000000
-516.36000000 -687.51000000 -1183.03000000 -1518.81000000
-497.10000000 -667.79000000 -1167.54000000 -1502.01000000
-477.82000000 -647.56000000 -1146.21000000 -1478.30000000
-458.07000000 -626.72000000 -1124.74000000 -1455.14000000
-442.68000000 -610.14000000 -1104.06000000 -1432.95000000
-420.22000000 -586.66000000 -1083.91000000 -1411.66000000
-406.46000000 -571.63000000 -1061.47000000 -1386.77000000
-379.72000000 -543.05000000 -1044.71000000 -1368.67000000
-366.45000000 -528.33000000 -1022.22000000 -1343.18000000
-354.13000000 -514.70000000 -1001.00000000 -1320.20000000
-335.70000000 -494.79000000 -980.63000000 -1297.24000000
-316.69000000 -474.19000000 -959.52000000 -1273.88000000
-303.63000000 -459.35000000 -938.14000000 -1250.84000000
-288.26000000 -442.18000000 -916.92000000 -1226.67000000
-272.11000000 -424.41000000 -894.37000000 -1201.65000000
-255.64000000 -406.43000000 -873.38000000 -1177.54000000
-243.91000000 -392.93000000 -853.84000000 -1154.98000000
-226.59000000 -374.44000000 -830.75000000 -1128.35000000
-211.83000000 -358.85000000 -809.05000000 -1103.14000000
-194.82000000 -340.86000000 -790.34000000 -1080.93000000
-181.30000000 -326.52000000 -764.65000000 -1051.65000000
-173.06000000 -317.39000000 -745.89000000 -1028.93000000
-159.33000000 -302.49000000 -730.33000000 -1009.55000000
-147.09000000 -289.14000000 -710.53000000 -986.04000000
-134.91000000 -275.14000000 -689.69000000 -961.77000000
-123.43000000 -262.12000000 -666.00000000 -934.86000000
-113.65000000 -250.21000000 -647.49000000 -913.15000000
-100.54000000 -234.45000000 -625.27000000 -887.82000000
-88.66000000 -219.78000000 -606.53000000 -865.53000000
-75.88000000 -204.29000000 -588.23000000 -843.36000000
-71.71000000 -197.51000000 -575.96000000 -827.73000000
-57.62000000 -181.27000000 -551.58000000 -799.06000000
-46.28000000 -167.38000000 -540.18000000 -783.71000000
-38.80000000 -158.11000000 -517.06000000 -756.96000000
-25.94000000 -143.01000000 -499.21000000 -735.15000000
-17.66000000 -132.07000000 -483.46000000 -715.04000000
-12.48000000 -124.28000000 -461.65000000 -688.65000000
-9.47000000 -118.49000000 -445.90000000 -668.03000000
1.43000000 -105.15000000 -429.64000000 -647.59000000
6.84000000 -98.06000000 -415.58000000 -629.07000000
15.95000000 -86.54000000 -398.99000000 -608.34000000
23.39000000 -77.23000000 -377.50000000 -583.11000000
27.35000000 -70.66000000 -364.32000000 -565.51000000
34.19000000 -61.12000000 -347.17000000 -543.50000000
36.98000000 -55.81000000 -331.36000000 -522.61000000
41.71000000 -48.67000000 -321.43000000 -507.67000000
47.34000000 -41.18000000 -299.89000000 -479.87000000
51.60000000 -34.94000000 -282.39000000 -456.78000000
55.43000000 -28.48000000 -268.73000000 -437.08000000
55.63000000 -24.59000000 -258.13000000 -419.30000000
58.31000000 -18.20000000 -248.28000000 -402.51000000
61.94000000 -10.42000000 -236.95000000 -384.55000000
59.34000000 -9.45000000 -221.94000000 -363.21000000
63.24000000 -2.50000000 -205.37000000 -341.33000000
58.22000000 -4.25000000 -194.16000000 -324.56000000
64.27000000 4.65000000 -185.99000000 -310.16000000
63.30000000 7.20000000 -173.50000000 -291.55000000
62.12000000 9.80000000 -156.81000000 -268.94000000
62.10000000 13.49000000 -151.50000000 -257.10000000
65.08000000 19.81000000 -146.33000000 -244.88000000
62.80000000 20.83000000 -135.27000000 -227.08000000
55.22000000 16.64000000 -123.57000000 -208.68000000
54.59000000 18.78000000 -115.47000000 -194.42000000
56.50000000 23.93000000 -105.16000000 -178.19000000
53.38000000 23.57000000 -95.55000000 -162.32000000
53.28000000 26.62000000 -81.37000000 -142.47000000
49.89000000 26.34000000 -70.18000000 -126.58000000
47.89000000 26.81000000 -61.27000000 -113.07000000
47.98000000 29.21000000 -53.38000000 -100.04000000
41.26000000 24.25000000 -46.48000000 -87.40000000
35.74000000 20.34000000 -35.63000000 -71.56000000
34.67000000 21.14000000 -29.73000000 -60.49000000
28.85000000 17.04000000 -23.89000000 -47.47000000
24.43000000 15.04000000 -20.24000000 -37.68000000
18.07000000 12.44000000 -14.86000000 -26.66000000
3.28000000 0.65000000 -6.29000000 -11.95000000
0.00000000 0.00000000 0.00000000 0.00000000
-3.07000000 -0.38000000 6.27000000 11.69000000
-14.10000000 -8.35000000 8.79000000 20.06000000
-27.80000000 -18.59000000 15.48000000 32.56000000
-30.36000000 -17.11000000 18.81000000 41.69000000
-38.05000000 -21.87000000 23.60000000 52.28000000
-48.34000000 -29.54000000 25.36000000 59.84000000
-58.30000000 -37.08000000 27.21000000 67.49000000
-72.79000000 -48.63000000 28.03000000 74.92000000
-79.06000000 -51.81000000 28.64000000 81.51000000
-90.84000000 -60.94000000 30.59000000 89.54000000
-103.70000000 -71.11000000 30.80000000 95.49000000
-111.56000000 -76.81000000 28.46000000 98.76000000
-120.48000000 -83.63000000 26.40000000 101.76000000
-130.93000000 -91.62000000 26.29000000 107.55000000
-148.46000000 -106.02000000 27.29000000 114.82000000
-163.79000000 -118.24000000 24.61000000 118.89000000
-175.19000000 -126.27000000 22.32000000 122.86000000
-193.93000000 -141.88000000 20.30000000 127.13000000
-207.59000000 -152.98000000 19.83000000 132.42000000
-220.14000000 -163.21000000 16.74000000 135.39000000
-234.35000000 -174.40000000 14.69000000 139.35000000
-246.14000000 -183.36000000 7.66000000 138.32000000
-253.77000000 -187.83000000 2.94000000 138.70000000
-279.60000000 -210.01000000 -1.19000000 139.30000000
-290.67000000 -218.19000000 -3.40000000 141.88000000
-309.68000000 -234.40000000 -13.14000000 137.93000000
-322.22000000 -244.41000000 -15.64000000 140.88000000
-340.13000000 -259.46000000 -19.58000000 142.25000000
-355.04000000 -271.11000000 -26.84000000 141.10000000
-368.37000000 -281.32000000 -38.85000000 135.38000000
-398.40000000 -308.43000000 -41.27000000 138.54000000
-405.46000000 -312.86000000 -50.49000000 135.09000000
-422.81000000 -327.97000000 -58.79000000 131.60000000
-442.42000000 -345.29000000 -63.11000000 132.43000000
-459.60000000 -360.17000000 -68.18000000 132.56000000
-475.15000000 -373.69000000 -75.90000000 130.04000000
-494.15000000 -390.24000000 -82.28000000 128.23000000
-507.97000000 -402.28000000 -91.63000000 123.38000000
-525.22000000 -417.92000000 -100.43000000 118.54000000
-547.69000000 -438.70000000 -110.12000000 113.11000000
-574.02000000 -463.33000000 -121.90000000 105.90000000
-589.11000000 -476.00000000 -129.85000000 102.82000000
-605.61000000 -490.09000000 -142.03000000 94.91000000
-626.73000000 -508.81000000 -155.63000000 85.87000000
-648.51000000 -528.28000000 -164.92000000 80.64000000
-667.97000000 -545.53000000 -178.67000000 70.71000000
-685.91000000 -561.09000000 -187.84000000 65.43000000
-705.96000000 -578.65000000 -201.21000000 55.78000000
-721.76000000 -592.04000000 -213.13000000 48.10000000
-749.66000000 -617.27000000 -224.02000000 41.24000000
-773.11000000 -638.56000000 -236.80000000 32.19000000
-796.45000000 -659.89000000 -249.53000000 23.52000000
-820.30000000 -681.92000000 -263.67000000 13.21000000
-835.29000000 -695.29000000 -276.71000000 4.06000000
-860.09000000 -717.95000000 -290.51000000 -6.11000000
-880.15000000 -736.17000000 -305.58000000 -17.58000000
-900.90000000 -754.58000000 -320.06000000 -28.37000000
-920.63000000 -772.45000000 -335.90000000 -41.05000000
-942.48000000 -792.50000000 -352.62000000 -54.85000000
-959.81000000 -807.85000000 -369.78000000 -69.38000000
-982.55000000 -828.86000000 -385.90000000 -82.54000000
-1008.83000000 -853.80000000 -400.91000000 -95.00000000
-1028.86000000 -872.35000000 -415.81000000 -107.31000000
-1053.02000000 -895.55000000 -428.91000000 -117.36000000
-1072.32000000 -913.86000000 -448.20000000 -133.91000000
-1096.06000000 -936.60000000 -465.68000000 -148.24000000
-1117.03000000 -956.75000000 -480.09000000 -159.81000000
-1130.25000000 -969.08000000 -496.80000000 -173.81000000
-1153.00000000 -990.57000000 -515.96000000 -190.27000000
-1171.23000000 -1007.77000000 -532.75000000 -204.90000000
-1201.79000000 -1037.06000000 -550.87000000 -221.28000000
-1228.30000000 -1062.00000000 -568.27000000 -236.71000000
-1246.73000000 -1079.55000000 -584.67000000 -251.38000000
-1266.22000000 -1098.06000000 -602.95000000 -268.68000000
-1291.41000000 -1122.16000000 -623.70000000 -287.99000000
-1308.57000000 -1138.31000000 -641.19000000 -304.43000000
-1332.42000000 -1161.61000000 -658.56000000 -320.89000000
-1352.89000000 -1181.40000000 -677.94000000 -339.10000000
-1375.14000000 -1203.13000000 -698.26000000 -358.40000000
-1398.63000000 -1225.85000000 -717.67000000 -376.63000000
-1426.28000000 -1252.97000000 -740.30000000 -398.24000000
-1448.17000000 -1273.64000000 -763.21000000 -420.15000000
-1470.90000000 -1294.71000000 -788.18000000 -443.94000000
-1493.08000000 -1316.18000000 -810.77000000 -465.42000000
-1521.66000000 -1343.08000000 -833.16000000 -486.89000000
-1547.36000000 -1369.41000000 -857.81000000 -509.92000000
-1574.10000000 -1394.98000000 -882.62000000 -534.56000000
-1602.44000000 -1420.66000000 -907.78000000 -557.83000000
-1629.77000000 -1448.07000000 -934.06000000 -583.45000000
-1658.41000000 -1477.29000000 -959.65000000 -608.99000000
-1683.97000000 -1500.57000000 -984.34000000 -636.20000000
-1714.39000000 -1530.46000000 -1014.61000000 -666.30000000
-1746.92000000 -1564.22000000 -1048.12000000 -703.09000000
-1769.81000000 -1590.13000000 -1074.90000000 -729.25000000
-1793.41000000 -1614.32000000 -1105.94000000 -759.37000000
-1828.01000000 -1654.26000000 -1135.38000000 -786.11000000
-1860.75000000 -1686.69000000 -1170.70000000 -818.35000000
-1893.33000000 -1718.81000000 -1201.12000000 -846.84000000
-1926.11000000 -1752.81000000 -1238.48000000 -878.35000000

-70.93000000 -73.46000000 -71.54000000 -74.10000000
-71.34000000 -72.40000000 -71.31000000 -73.02000000
-70.50000000 -70.77000000 -70.40000000 -71.73000000
-69.86000000 -70.06000000 -69.49000000 -71.24000000
-69.26000000 -68.92000000 -68.32000000 -69.76000000
-68.21000000 -68.35000000 -67.48000000 -68.16000000
-66.84000000 -67.04000000 -66.23000000 -66.65000000
-65.89000000 -66.45000000 -65.02000000 -66.05000000
-64.99000000 -65.23000000 -64.00000000 -64.74000000
-64.18000000 -64.56000000 -62.73000000 -63.88000000
-63.20000000 -63.42000000 -61.70000000 -62.54000000
-62.02000000 -62.58000000 -60.61000000 -61.50000000
-60.91000000 -61.51000000 -59.78000000 -60.59000000
-59.81000000 -60.68000000 -58.62000000 -59.42000000
-58.98000000 -60.06000000 -57.87000000 -58.76000000
-58.00000000 -58.83000000 -56.72000000 -57.80000000
-57.18000000 -57.80000000 -55.52000000 -56.35000000
-56.47000000 -57.07000000 -53.87000000 -54.85000000
-55.68000000 -56.19000000 -53.34000000 -53.98000000
-54.79000000 -55.29000000 -52.67000000 -53.63000000
-53.89000000 -54.21000000 -51.88000000 -52.70000000
-53.08000000 -53.47000000 -50.81000000 -51.61000000
-52.37000000 -52.77000000 -50.07000000 -50.78000000
-51.58000000 -52.07000000 -49.64000000 -50.25000000
-50.87000000 -51.28000000 -48.88000000 -49.48000000
-50.17000000 -50.57000000 -48.53000000 -49.22000000
-49.47000000 -49.96000000 -47.78000000 -48.57000000
-48.77000000 -49.27000000 -47.25000000 -48.05000000
-48.43000000 -48.93000000 -46.75000000 -47.55000000
-47.59000000 -48.18000000 -46.43000000 -47.23000000
-47.32000000 -47.92000000 -45.86000000 -46.66000000
-46.40000000 -47.00000000 -45.71000000 -46.51000000
-46.21000000 -46.72000000 -45.16000000 -46.05000000
-46.20000000 -46.61000000 -44.92000000 -45.82000000
-45.93000000 -46.24000000 -44.72000000 -45.53000000
-45.63000000 -45.84000000 -44.52000000 -45.32000000
-45.51000000 -45.71000000 -44.14000000 -44.94000000
-45.32000000 -45.52000000 -44.01000000 -44.63000000
-45.21000000 -45.41000000 -43.73000000 -44.33000000
-45.11000000 -45.31000000 -43.61000000 -44.03000000
-45.10000000 -45.21000000 -43.42000000 -43.82000000
-44.74000000 -44.93000000 -43.31000000 -43.71000000
-44.52000000 -44.72000000 -43.03000000 -43.43000000
-44.14000000 -44.25000000 -42.82000000 -43.31000000
-44.01000000 -44.20000000 -42.62000000 -43.03000000
-43.91000000 -44.11000000 -42.51000000 -42.91000000
-43.63000000 -44.01000000 -42.50000000 -42.99000000
-43.51000000 -44.00000000 -42.41000000 -42.82000000
-43.14000000 -43.82000000 -42.40000000 -42.71000000
-42.92000000 -43.80000000 -42.13000000 -42.25000000
-42.90000000 -43.89000000 -42.10000000 -42.11000000
-42.81000000 -43.81000000 -41.92000000 -42.01000000
-42.71000000 -43.62000000 -41.99000000 -42.00000000
-42.43000000 -43.33000000 -42.00000000 -42.00000000
-42.49000000 -43.21000000 -42.18000000 -42.18000000
-42.32000000 -43.02000000 -41.93000000 -41.84000000
-42.12000000 -42.82000000 -42.17000000 -41.98000000
-42.19000000 -42.89000000 -41.84000000 -41.64000000
-41.93000000 -42.63000000 -41.98000000 -41.60000000
-41.90000000 -42.60000000 -42.00000000 -41.60000000
-41.99000000 -42.60000000 -41.82000000 -41.51000000
-42.18000000 -42.69000000 -41.98000000 -41.68000000
-42.11000000 -42.61000000 -41.82000000 -41.70000000
-42.01000000 -42.42000000 -41.80000000 -41.79000000
-41.91000000 -42.22000000 -41.62000000 -41.71000000
-41.72000000 -41.93000000 -41.42000000 -41.70000000
-41.88000000 -41.99000000 -41.40000000 -41.61000000
-41.90000000 -41.91000000 -41.31000000 -41.42000000
-42.08000000 -41.90000000 -41.39000000 -41.40000000
-42.01000000 -41.81000000 -41.58000000 -41.58000000
-41.91000000 -41.80000000 -40.97000000 -41.06000000
-41.90000000 -41.89000000 -40.72000000 -41.09000000
-41.81000000 -41.99000000 -40.79000000 -41.10000000
-41.62000000 -41.82000000 -40.80000000 -41.19000000
-41.69000000 -42.07000000 -40.98000000 -41.11000000
-41.61000000 -42.01000000 -40.82000000 -40.92000000
-41.60000000 -42.00000000 -40.80000000 -40.90000000
-41.42000000 -41.91000000 -40.80000000 -40.99000000
-41.67000000 -42.08000000 -40.80000000 -41.00000000
-41.43000000 -41.92000000 -40.98000000 -41.00000000
-41.49000000 -42.08000000 -41.09000000 -41.00000000
-41.41000000 -42.01000000 -40.92000000 -40.82000000
-41.31000000 -42.00000000 -41.35000000 -41.25000000
-41.30000000 -41.91000000 -41.22000000 -41.30000000
-41.39000000 -42.08000000 -41.38000000 -41.48000000
-41.49000000 -42.19000000 -41.13000000 -41.32000000
-41.50000000 -42.20000000 -41.46000000 -41.66000000
-41.50000000 -42.20000000 -41.77000000 -41.79000000
-41.77000000 -42.29000000 -42.07000000 -41.98000000
-41.98000000 -42.39000000 -41.92000000 -41.82000000
-42.00000000 -42.40000000 -42.08000000 -41.89000000
-41.91000000 -42.31000000 -42.28000000 -41.99000000
-41.99000000 -42.21000000 -42.12000000 -41.91000000
-42.18000000 -42.29000000 -41.92000000 -41.63000000
-42.29000000 -42.48000000 -41.81000000 -41.42000000
-42.30000000 -42.50000000 -41.71000000 -41.40000000
-42.39000000 -42.77000000 -41.07000000 -40.95000000
-42.04000000 -42.53000000 -41.00000000 -40.90000000
-42.09000000 -42.59000000 -41.00000000 -40.81000000
-42.37000000 -42.78000000 -40.91000000 -40.71000000
-42.22000000 -42.53000000 -40.90000000 -40.61000000
-41.93000000 -42.23000000 -40.90000000 -40.60000000
-42.17000000 -42.38000000 -40.90000000 -40.69000000
-42.29000000 -42.58000000 -40.81000000 -40.70000000
-42.21000000 -42.51000000 -40.71000000 -40.70000000
-42.20000000 -42.59000000 -40.61000000 -40.79000000
-42.29000000 -42.60000000 -40.51000000 -40.89000000
-42.39000000 -42.60000000 -40.50000000 -41.08000000
-42.40000000 -42.69000000 -40.41000000 -41.10000000
-42.22000000 -42.52000000 -40.58000000 -41.37000000
-42.56000000 -42.95000000 -40.51000000 -41.58000000
-42.69000000 -43.09000000 -40.50000000 -41.69000000
-42.70000000 -42.92000000 -40.41000000 -41.79000000
-42.61000000 -42.99000000 -40.40000000 -41.89000000
-42.51000000 -42.82000000 -40.22000000 -41.72000000
-42.32000000 -42.80000000 -40.20000000 -41.70000000
-42.12000000 -42.71000000 -40.20000000 -41.70000000
-42.01000000 -42.52000000 -40.11000000 -41.61000000
-41.91000000 -42.50000000 -39.92000000 -41.51000000
-41.90000000 -42.32000000 -39.81000000 -41.41000000
-41.81000000 -42.21000000 -39.89000000 -41.40000000
-41.71000000 -42.11000000 -39.81000000 -41.22000000
-41.52000000 -41.92000000 -39.80000000 -41.20000000
-41.23000000 -41.63000000 -39.80000000 -41.11000000
-41.56000000 -41.96000000 -39.80000000 -41.01000000
-41.60000000 -41.82000000 -39.71000000 -40.82000000
-41.42000000 -41.62000000 -39.97000000 -40.89000000
-41.49000000 -41.69000000 -39.91000000 -40.72000000
-41.59000000 -41.79000000 -39.99000000 -40.61000000
-41.51000000 -41.71000000 -39.91000000 -40.60000000
-41.41000000 -41.61000000 -39.99000000 -40.78000000
-41.58000000 -41.96000000 -39.82000000 -40.62000000
-41.51000000 -42.00000000 -39.80000000 -40.69000000
-41.41000000 -41.91000000 -39.98000000 -40.70000000
-41.58000000 -42.17000000 -39.91000000 -40.70000000
-41.69000000 -42.38000000 -39.90000000 -40.61000000
-41.79000000 -42.40000000 -39.90000000 -40.69000000
-41.80000000 -42.49000000 -39.90000000 -40.61000000
-41.71000000 -42.50000000 -40.08000000 -40.78000000
-41.79000000 -42.68000000 -40.19000000 -40.98000000
-41.98000000 -42.97000000 -40.20000000 -41.09000000
-42.18000000 -43.09000000 -40.29000000 -41.19000000
-42.20000000 -43.10000000 -40.39000000 -41.29000000
-42.20000000 -43.01000000 -40.58000000 -41.39000000
-42.47000000 -43.09000000 -40.78000000 -41.40000000
-42.59000000 -43.19000000 -40.89000000 -41.49000000
-42.69000000 -43.20000000 -40.99000000 -41.59000000
-42.70000000 -43.11000000 -41.00000000 -41.51000000
-42.70000000 -43.10000000 -41.27000000 -41.68000000
-42.34000000 -42.74000000 -41.39000000 -41.61000000
-42.66000000 -43.15000000 -41.49000000 -41.60000000
-42.79000000 -43.38000000 -41.59000000 -41.60000000
-42.98000000 -43.58000000 -41.69000000 -41.60000000
-43.18000000 -43.78000000 -41.79000000 -41.69000000
-43.11000000 -43.80000000 -41.80000000 -41.70000000
-43.37000000 -43.98000000 -41.89000000 -41.88000000
-43.49000000 -44.09000000 -41.99000000 -41.99000000
-43.50000000 -44.10000000 -42.09000000 -42.18000000
-43.59000000 -44.19000000 -42.28000000 -42.38000000
-43.78000000 -44.38000000 -42.57000000 -42.67000000
-43.80000000 -44.40000000 -42.87000000 -42.97000000
-44.07000000 -44.76000000 -42.99000000 -43.09000000
-44.46000000 -45.07000000 -43.27000000 -43.37000000
-44.68000000 -45.28000000 -43.48000000 -43.49000000
-45.06000000 -45.66000000 -43.59000000 -43.68000000
-45.19000000 -45.79000000 -43.69000000 -43.79000000
-45.56000000 -46.07000000 -44.06000000 -44.16000000
-45.87000000 -46.28000000 -44.01000000 -44.20000000
-45.81000000 -46.12000000 -44.27000000 -44.47000000
-46.16000000 -46.37000000 -44.48000000 -44.68000000
-46.20000000 -46.40000000 -44.77000000 -44.97000000
-47.19000000 -47.30000000 -45.16000000 -45.27000000
-47.66000000 -47.76000000 -45.56000000 -45.75000000
-47.97000000 -48.07000000 -45.96000000 -46.16000000
-48.54000000 -48.55000000 -46.45000000 -46.74000000
-49.14000000 -49.23000000 -47.04000000 -47.34000000
-49.56000000 -49.57000000 -47.55000000 -47.85000000
-50.41000000 -50.41000000 -48.14000000 -48.53000000
-51.04000000 -50.95000000 -48.92000000 -49.23000000
-51.73000000 -51.63000000 -49.63000000 -50.02000000
-52.61000000 -52.42000000 -50.42000000 -50.82000000
-53.60000000 -53.40000000 -51.40000000 -51.53000000
-54.51000000 -54.04000000 -52.22000000 -52.32000000
-55.50000000 -55.00000000 -53.11000000 -53.21000000
-56.23000000 -55.91000000 -53.92000000 -53.93000000
-57.47000000 -57.08000000 -54.81000000 -54.90000000
-58.50000000 -58.10000000 -55.71000000 -55.72000000
-59.50000000 -59.28000000 -56.61000000 -56.61000000
-60.68000000 -60.57000000 -57.42000000 -57.51000000
-61.61000000 -61.69000000 -58.40000000 -58.68000000
-62.78000000 -62.88000000 -59.31000000 -59.70000000
-63.44000000 -63.90000000 -60.30000000 -60.79000000
-64.31000000 -64.72000000 -61.57000000 -61.98000000
-65.39000000 -65.97000000 -63.14000000 -63.27000000
-65.59000000 -66.55000000 -64.11000000 -63.67000000
-66.95000000 -67.86000000 -65.19000000 -64.42000000
-67.91000000 -68.54000000 -66.11000000 -64.77000000
-69.08000000 -69.59000000 -66.74000000 -65.52000000
-70.01000000 -70.15000000 -67.70000000 -66.41000000
-70.91000000 -70.74000000 -68.16000000 -67.04000000

